184
2
38 47
44 6
67 46
30 3
3 32
21 48
14 40
11 57
3 37
32 17
48 29
3 10
13 41
58 14
20 6
53 43
60 69
44 38
52 57
30 3
62 54
35 50
49 18
66 45
4 51
22 27
37 51
33 24
37 61
66 32
5 56
67 48
27 6
4 40
55 8
3 46
25 46
5 38
24 15
8 1
27 39
19 29
64 5
65 52
13 30
27 61
50 29
47 23
5 7
26 50
25 1
58 29
8 62
18 63
63 43
12 37
7 31
36 42
35 70
41 30
32 60
18 68
32 12
30 6
68 48
48 67
37 34
37 36
40 44
29 55
33 32
4 40
11 40
39 39
11 46
47 10
19 54
7 6
12 62
40 36
45 9
42 29
64 11
55 21
5 45
18 25
64 37
18 22
60 16
3 57
8 12
66 49
55 38
29 2
50 66
16 68
39 24
34 69
19 32
7 30
54 35
14 24
57 59
5 31
29 59
70 19
68 48
15 7
21 64
1 44
53 70
35 16
26 21
65 10
40 57
33 13
48 35
36 58
19 35
23 52
70 59
37 34
41 9
2 63
36 61
2 2
29 31
51 36
45 67
53 57
69 26
3 27
15 59
23 38
31 45
33 57
20 30
39 11
4 2
62 52
54 51
11 5
40 24
20 62
60 27
64 14
41 59
47 66
45 67
41 11
67 5
47 3
26 28
30 27
8 29
9 33
50 3
27 20
23 31
57 58
14 12
12 63
70 66
62 70
10 45
61 32
46 18
58 49
5 1
41 29
3 25
27 50
11 52
13 65
53 33
56 11
3 66
61 10
9 3
59 64
25 31
60 61
40 12
13 47
